[bcg_slide-4.jpg]
filters=crop64=1,d440000ee6cffff;
crop=rect64(d440000ee6cffff)
moddate=65cdf5e0f530d001
width=772
height=254
textactive=0
[nitk.jpg]
filters=Soften=1,73.099419,45.614033;finetune2=1,0.356725,0.000000,0.151579,00000000,0.000000;finetune2=1,0.000000,0.000000,0.000000,00000000,0.438596;
moddate=55133719cf38d001
width=1600
height=842
textactive=0
